           6   15.462193936833057     
          11   15.617805284276347     
          13   15.691707732008039     
          15   15.824112458719526     
          19   16.076210964714214     
          30   16.049597284655096     
          56   16.013773894063107     
          57   15.802934698128531     
         111   15.751589924597971     
         133   15.692205965110553     
         149   15.576292732216976     
         152   15.537063884050225     
         155   15.561954026587310     
         177   15.569348537350280     
         180   15.480149354123570     
         196   15.473098838848568     
         204   15.484663951013532     
         267   15.458320158355701     
         288   15.343770001777990     
         289   15.446660263227622     
         295   15.349588562421363     
         307   15.265758484677047     
         340   15.273998759258385     
         370   15.324086515793818     
         376   15.339776329408144     
         423   15.238108129840434     
         436   15.269315740336967     
         452   15.280169101138680     
         488   15.255912409180278     
         532   15.179098282476339     
         545   15.205639830720552     
         587   15.225311325221753     
         628   15.043906633452016     
         630   15.137240130513762     
         636   15.145268563234039     
         649   15.124452616168709     
         676   15.074724703028563     
         696   15.107074461334729     
         712   15.076741086425155     
         723   15.086799321239562     
         751   15.065510142014013     
         784   15.078104025334213     
         822   14.980863112828031     
         844   14.990679603761139     
         859   15.059387008861869     
         923   15.027807420141469     
         931   15.112721546693711     
         946   15.183668705354767     
         967   15.168926194582161     
         973   15.171523970646776     
         982   15.254444555748682     
         983   15.092328018867414     
        1061   15.028111535555086     
        1066   15.088057774357342     
        1108   15.037162644710016     
        1114   15.075334108263485     
        1115   15.013659574768374     
        1119   15.085104964419955     
        1138   14.952468949032387     
        1186   14.948793096154811     
        1187   14.998573513960370     
        1199   15.076030142248538     
        1215   14.988916476168594     
        1221   15.006260478226153     
        1223   15.003848630400832     
        1239   15.060189462460887     
        1269   15.060864766543590     
        1275   15.074821996950538     
        1282   15.094518713809649     
        1288   14.931931277141295     
        1291   15.013430673666663     
        1293   15.006163975922597     
        1311   15.109684992077328     
        1314   15.101912549065569     
        1326   15.038124062267542     
        1339   15.003176260962348     
        1354   14.984692660508381     
        1399   14.941569531723099     
        1404   14.928286839453591     
        1417   15.089568653462591     
        1420   14.923174646460811     
        1427   15.079467964511107     
        1436   15.092886167592557     
        1444   14.898374147265795     
        1463   14.902325651153388     
        1464   14.892506269392019     
        1499   14.876988819077466     
        1520   14.985840530302150     
        1548   15.022367800789414     
        1556   14.909919031127171     
        1621   14.884375714570238     
        1635   14.925482346130527     
        1648   14.911923084152281     
        1672   14.761339653633026     
        1712   14.818148896398029     
        1724   14.759504320112217     
        1769   14.812664292609568     
        1775   14.788713445136381     
        1790   14.881479644324749     
        1833   14.837098606669509     
        1856   14.909389385638795     
        1863   14.821902222734753     
        1881   14.858092784971534     
        1885   14.848754254229741     
        1935   14.930947527661088     
        1955   14.991219025235742     
        2032   14.908223439841221     
        2040   14.949278783173995     
        2057   15.014677301303831     
        2106   14.938947498598182     
        2140   15.011974072369055     
        2160   14.830185940759362     
        2162   14.806692811537260     
        2173   14.853253258558523     
        2178   14.879628854080744     
        2251   14.760338583760023     
        2260   14.764845349837342     
        2268   14.711743756717178     
        2278   14.902350642614307     
        2299   14.876529246331465     
        2329   14.825472486961431     
        2330   14.854827916738715     
        2332   14.887130460287871     
        2338   14.767736329991649     
        2345   14.923209133753431     
        2349   14.979666282219975     
        2394   15.025408946631295     
        2405   14.830046925599417     
        2407   14.999710785724083     
        2410   14.998766654191872     
        2420   14.876329287299161     
        2438   14.784662563435081     
        2457   14.839869633046186     
        2480   14.907425326238295     
        2509   14.882939395961838     
        2549   14.973101287169808     
        2562   14.976613082364212     
        2678   15.021034857505763     
        2745   15.027881044758658     
        2785   14.928397948858970     
        2792   14.918001269235187     
        2811   14.972700052958093     
        2818   14.964672897161469     
        2823   14.921685577380108     
        2838   14.994249330353536     
        2843   14.922567399629243     
        2866   14.774173730720026     
        2882   14.843778337867898     
        2885   14.848375150202555     
        2946   14.847535306174541     
        2950   14.847459197207296     
        2958   14.890798945311994     
        2960   14.907082786926946     
        2976   14.988081904363018     
        2986   14.839941934121486     
        3018   14.925714883529547     
        3026   14.925002004089359     
        3049   14.966347285524034     
        3124   15.061666890075511     
        3154   15.112490578587526     
        3162   15.116624131611283     
        3163   15.037912076906144     
        3182   15.019397679596345     
        3219   14.835145738526359     
        3220   15.022072014572966     
        3233   15.025704157669178     
        3234   15.021303830570112     
        3235   14.990731132786237     
        3268   15.018957846392944     
        3273   14.978984454777400     
        3276   14.960901574608291     
        3279   14.933688338593623     
        3303   14.920919836546693     
        3322   14.969129681416845     
        3332   15.013772862311347     
        3349   14.927541336702289     
        3354   14.966456327898687     
        3369   14.962286559644278     
        3384   14.839435201053252     
        3412   14.896510136853234     
        3418   14.895325849788488     
        3432   14.906419464531480     
        3435   14.857257028818488     
        3439   14.759487122540857     
        3445   14.851440962472621     
        3460   14.795356046919279     
        3464   14.851119288486114     
        3510   14.800197741677378     
        3554   14.810913803747896     
        3605   14.843238120891810     
        3619   14.893486417743841     
        3627   14.867038209609726     
        3643   14.851410182589035     
        3652   14.873381349966451     
        3656   14.944126256477967     
        3658   14.919792183317318     
        3660   14.910851874993485     
        3665   14.955094138237614     
        3701   14.893218203059915     
        3705   14.796479917715915     
        3709   14.760209037155786     
        3710   14.950926434104987     
        3720   14.954801300261026     
        3739   14.932275545424268     
        3740   14.921133673024135     
        3752   14.827637469455317     
        3777   14.700437309775735     
        3786   14.889765135864145     
        3844   14.780704232496380     
        3864   14.732870155008282     
        3894   14.861436827180830     
        3902   14.854917945036414     
        3916   14.844074786402889     
        3933   14.902774319262369     
        3961   14.776951569426425     
        4007   14.835882283692245     
        4010   14.835221237900891     
        4024   14.678188119205460     
        4078   14.653160887585702     
        4080   14.701733252846630     
        4092   14.685253744442122     
        4122   14.790226464086198     
        4146   14.702419192106303     
        4176   14.736094562500215     
        4177   14.741182907729787     
        4178   14.842465470969024     
        4204   14.785167196824066     
        4218   14.802115962965040     
        4228   14.723322879625728     
        4257   14.750988109215468     
        4273   14.745909587358570     
        4291   14.793192594324891     
        4295   14.751580308854596     
        4305   14.770979594001821     
        4349   14.783558736151148     
        4356   14.807238616956141     
        4415   14.838275416244633     
        4429   14.821679406104810     
        4512   15.054678667303760     
        4513   14.864817127130156     
        4525   14.937311303672361     
        4530   14.914697010235074     
        4549   14.965929838730043     
        4560   14.922507975305255     
        4561   14.899219293377493     
        4576   14.877401362170893     
        4586   14.959982914713697     
        4592   14.916410313322784     
        4608   14.900006712635784     
        4624   14.774700835675738     
        4626   14.923771386235492     
        4647   14.801986996705789     
        4687   14.795430741418574     
        4703   14.808405363961059     
        4785   14.808952151254378     
        4792   14.754013761908336     
        4806   14.807797418763593     
        4814   14.689193490625501     
        4900   14.766638232513417     
        4919   14.727912513504261     
        4934   14.844955590906411     
        5011   14.776433952523512     
        5027   14.794814982009658     
        5064   14.724968036735007     
        5083   14.755555070643696     
        5085   14.801147394712418     
        5092   14.780491262303807     
        5096   14.868933067003450     
        5103   14.926771649023074     
        5139   14.931195810963864     
        5149   14.986152047872849     
        5179   14.843794971751523     
        5200   14.893627933326314     
        5225   14.862337621702530     
        5232   14.882021657028336     
        5237   14.928829109805895     
        5246   14.911099621768479     
        5266   15.007007206507520     
        5280   14.979118738467069     
        5285   14.991457382470001     
        5299   14.909237892509648     
        5322   14.945801794047666     
        5324   14.930065991734670     
        5336   14.842749692113191     
        5354   14.854926757816393     
        5391   14.847467631350911     
        5434   14.822376286746701     
        5528   14.832602712620995     
        5570   14.739527194678915     
        5582   14.850931101492835     
        5618   14.928459422612582     
        5663   14.889370176151532     
        5671   14.947735351213174     
        5710   14.936934166696197     
        5736   14.873692865538782     
        5739   14.859805808564452     
        5792   14.809999271535590     
        5799   14.762510883672205     
        5846   14.710111171057131     
        5864   14.730954738481630     
        5882   14.892257156948912     
        5883   14.794887981448301     
        5890   14.718079848700054     
        5902   14.785352887901015     
        5911   14.746435826869634     
        5922   14.870432641795217     
        5923   14.835127043502137     
        5946   14.831291294223096     
        5957   14.883568605105877     
        5964   14.828547916058156     
        5992   14.812577507044628     
        6010   14.667246102196414     
        6012   14.754570068802282     
        6016   14.772004354168052     
        6021   14.823157920573937     
        6031   14.820997930996725     
        6033   14.761492763412392     
        6041   14.802507402817568     
        6051   14.813339123720940     
        6080   14.856162125167980     
        6111   14.721505344772273     
        6118   14.787252815319466     
        6125   14.826340747333466     
        6127   14.838891028192059     
        6129   14.818824954193710     
        6139   14.761579621722474     
        6170   14.786646999892922     
        6172   14.890929233893685     
        6190   14.909555795720371     
        6196   14.799179977544403     
        6260   14.793149574002001     
        6265   14.761997063881232     
        6326   14.825186958344355     
        6346   14.819969341076328     
        6356   14.886968543224183     
        6389   14.773595432113943     
        6402   14.749519595586658     
        6417   14.768163681040958     
        6428   14.789874087276516     
        6438   14.737511394997902     
        6476   14.785429853780933     
        6540   14.810626717821600     
        6587   14.828071613559008     
        6607   14.805540924708746     
        6646   14.807946503127631     
        6658   14.912208548619851     
        6673   14.917974371585776     
        6677   14.826754559256894     
        6692   14.817377265197837     
        6712   14.893809442528294     
        6715   14.703257754638637     
        6723   14.840236148178636     
        6725   14.732757730261067     
        6733   14.783666848022952     
        6781   14.780112267771939     
        6784   14.871345917929835     
        6786   14.859030250866235     
        6790   14.872865574340546     
        6797   14.815990986770812     
        6843   14.793114154030196     
        6847   14.862056483123880     
        6854   14.688459671646624     
        6878   14.810320227146647     
        6897   14.822205849548538     
        6923   14.650621676007239     
        6927   14.738821121939340     
        7035   14.756504948972301     
        7152   14.735520839801232     
        7159   14.825686507687523     
        7162   14.794825910389715     
        7172   14.752707890432950     
        7179   14.760764347097496     
        7190   14.743293477731894     
        7210   14.709708770889412     
        7218   14.696767055430046     
        7255   14.703410518528418     
        7263   14.647199696077914     
        7274   14.639247313384891     
        7316   14.685065751693493     
        7328   14.713384339559818     
        7332   14.677765107651473     
        7339   14.741638070650128     
        7342   14.784487687117686     
        7366   14.823025897172673     
        7390   14.794039747325884     
        7426   14.657086596397189     
        7429   14.773267940109994     
        7437   14.709875718566808     
        7443   14.786220891323138     
        7519   14.747247107881146     
        7549   14.766729730360318     
        7554   14.808014744247151     
        7586   14.760190722728280     
        7596   14.727514508923676     
        7602   14.803818256433493     
        7624   14.794538792107449     
        7634   14.782097440438442     
        7636   14.697695738798183     
        7648   14.725769200678714     
        7681   14.773437213100916     
        7683   14.725894476592744     
        7685   14.781145914717293     
        7698   14.752437777816095     
        7724   14.609560890822561     
        7738   14.632634770329844     
        7752   14.630468959324823     
        7789   14.692081621396383     
        7800   14.720154091660698     
        7801   14.721432450540359     
        7872   14.753331450737807     
        7897   14.672422125633464     
        7915   14.596601447163257     
        7928   14.697363945452389     
        7940   14.638374996497511     
        7942   14.649796425450411     
        7948   14.662873029458023     
        7967   14.657858206719869     
        8015   14.666020018179090     
        8046   14.702467791966836     
        8066   14.606633986999148     
        8082   14.643569278343257     
        8118   14.625799529209587     
        8137   14.655706705026647     
        8157   14.673843589881017     
        8199   14.642092637843394     
        8207   14.635967965558464     
        8228   14.604339796897294     
        8243   14.682904904746144     
        8269   14.688615101060172     
        8306   14.686255217215120     
        8313   14.651564969757578     
        8331   14.784466304251403     
        8344   14.782771882096210     
        8374   14.712459856216283     
        8406   14.674910034497497     
        8433   14.728187259722294     
        8482   14.679892326161816     
        8488   14.643675145688736     
        8528   14.660521999577552     
        8592   14.656460653706437     
        8593   14.645385340103918     
        8606   14.787168185437718     
        8668   14.685316836292564     
        8693   14.713291631883129     
        8703   14.746380734799036     
        8704   14.690253304071785     
        8721   14.722878786369328     
        8734   14.756793675124099     
        8745   14.719445208573672     
        8783   14.647724968754771     
        8802   14.701878162508756     
        8815   14.742717788394923     
        8821   14.729473712424513     
        8834   14.704430248884711     
        8901   14.867724914739849     
        8903   14.731997371892797     
        8912   14.790376661911997     
        8917   14.800224426970187     
        8920   14.748319287519022     
        8943   14.714320605728293     
        8956   14.806041620484651     
        8994   14.851554580817211     
        9010   14.762013176823958     
        9024   14.811869657938050     
        9032   14.756098418852371     
        9034   14.807064133868582     
        9040   14.792083168872901     
        9049   14.808210971515711     
        9067   14.740605786154802     
        9102   14.716659720037622     
        9147   14.721343259772729     
        9164   14.716881186148312     
        9214   14.708076553631356     
        9236   14.719443125352360     
        9244   14.617514434337188     
        9260   14.740293857263785     
        9264   14.719190087507625     
        9325   14.642113048334984     
        9338   14.769758926882753     
        9347   14.807062842046854     
        9356   14.822848957771187     
        9359   14.747467833443457     
        9384   14.726449237871410     
        9392   14.705900403128444     
        9455   14.717604983011173     
        9457   14.659189616335338     
        9467   14.630555869259105     
        9472   14.659575116509316     
        9492   14.553021557179317     
        9497   14.613617938593466     
        9532   14.630890607808569     
        9544   14.647902061199344     
        9584   14.740333037341919     
        9617   14.766556583473418     
        9650   14.743074529632100     
        9655   14.688901559101399     
        9677   14.702544810960955     
        9686   14.733946973900235     
        9692   14.703473887929727     
        9707   14.793658225621668     
        9709   14.803943163091116     
        9719   14.780854505559825     
        9727   14.737035330939941     
        9733   14.842386913284770     
        9742   14.815713310045547     
        9758   14.815291964872365     
        9790   14.806811312154947     
        9795   14.800317911958167     
        9814   14.803502521669303     
        9822   14.744251571118731     
        9837   14.700450163473620     
        9844   14.701250078942049     
        9849   14.747611907260234     
        9899   14.747180833674221     
        9949   14.777967432414325     
        9978   14.641385470198298     
        9982   14.773045167207160     
